Distance_(mm)	Gray_Value
0.0000	142.0000
0.0276	143.8171
0.0552	144.9668
0.0828	145.9622
0.1104	146.3430
0.1381	147.1385
0.1657	145.1929
0.1933	144.0778
0.2209	144.0000
0.2485	143.1133
0.2761	143.0000
0.3037	143.2096
0.3313	143.0836
0.3589	143.7726
0.3866	143.1347
0.4142	143.4903
0.4418	143.8881
0.4694	144.5619
0.4970	144.1983
0.5246	144.8720
0.5522	146.0399
0.5798	146.3537
0.6074	148.7018
0.6351	149.3091
0.6627	148.8008
0.6903	148.2976
0.7179	148.0000
0.7455	148.4541
0.7731	148.8337
0.8007	149.0000
0.8283	148.7400
0.8559	148.9315
0.8836	149.6415
0.9112	150.4265
0.9388	151.1420
0.9664	152.2994
0.9940	153.4096
1.0216	153.9090
1.0492	153.4427
1.0768	152.3790
1.1044	151.0074
1.1321	149.2514
1.1597	148.2925
1.1873	148.1937
1.2149	148.8260
1.2425	150.1451
1.2701	149.8641
1.2977	148.7864
1.3253	148.5976
1.3530	149.3829
1.3806	150.3703
1.4082	150.4456
1.4358	148.9407
1.4634	147.1204
1.4910	145.5043
1.5186	145.1064
1.5462	145.7429
1.5738	147.6674
1.6015	149.2627
1.6291	149.6794
1.6567	150.4398
1.6843	149.9402
1.7119	149.5063
1.7395	147.7448
1.7671	146.8488
1.7947	146.4497
1.8223	147.5097
1.8500	150.1470
1.8776	150.7195
1.9052	150.7209
1.9328	148.7843
1.9604	147.3748
1.9880	148.0439
2.0156	148.6327
2.0432	148.1263
2.0708	147.1002
2.0985	147.6308
2.1261	148.1391
2.1537	148.6200
2.1813	147.7651
2.2089	147.2255
2.2365	147.0641
2.2641	146.7163
2.2917	147.1889
2.3193	146.7550
2.3470	147.7397
2.3746	148.2046
2.4022	150.7233
2.4298	151.0058
2.4574	150.1208
2.4850	149.1334
2.5126	148.1460
2.5402	148.0000
2.5678	148.0000
2.5955	148.0000
2.6231	145.5890
2.6507	145.7911
2.6783	146.7785
2.7059	147.7659
2.7335	148.6106
2.7611	148.2516
2.7887	147.5318
2.8163	146.8638
2.8440	147.2858
2.8716	147.1886
2.8992	147.1567
2.9268	147.6891
2.9544	147.9118
2.9820	148.3921
3.0096	148.5924
3.0372	149.0475
3.0648	150.4774
3.0925	151.6361
3.1201	152.6234
3.1477	153.7705
3.1753	153.8140
3.2029	152.9863
3.2305	152.6852
3.2581	152.8449
3.2857	152.5032
3.3133	153.0653
3.3410	153.9980
3.3686	154.2720
3.3962	154.9405
3.4238	156.0863
3.4514	155.6113
3.4790	155.0719
3.5066	155.0000
3.5342	155.0000
3.5618	154.6245
3.5895	154.0000
3.6171	154.0277
3.6447	154.3105
3.6723	154.5126
3.6999	153.8750
3.7275	154.2080
3.7551	156.0000
3.7827	155.9668
3.8103	155.9611
3.8380	155.8014
3.8656	155.7266
3.8932	156.1162
3.9208	156.6777
3.9484	157.2034
3.9760	158.9948
4.0036	159.1295
4.0312	158.8386
4.0589	157.8512
4.0865	156.9134
4.1141	156.2296
4.1417	156.1954
4.1693	156.6767
4.1969	154.3646
4.2245	153.0260
4.2521	151.2536
4.2797	151.5766
4.3074	153.1189
4.3350	154.0212
4.3626	154.7591
4.3902	154.0014
4.4178	154.4410
4.4454	154.2879
4.4730	154.1282
4.5006	152.0738
4.5282	150.8741
4.5559	149.1284
4.5835	149.0000
4.6111	149.8970
4.6387	150.7340
4.6663	151.8615
4.6939	151.8506
4.7215	151.6909
4.7491	150.6452
4.7767	150.6285
4.8044	150.7882
4.8320	151.7027
4.8596	152.7836
4.8872	152.4351
4.9148	151.6686
4.9424	151.2785
4.9700	152.2261
4.9976	154.3212
5.0252	156.4354
5.0529	158.2341
5.0805	157.2490
5.1081	156.4551
5.1357	156.2954
5.1633	156.1357
5.1909	155.9760
5.2185	156.4362
5.2461	156.6566
5.2737	157.0916
5.3014	159.4694
5.3290	160.4305
5.3566	160.0099
5.3842	159.3910
5.4118	159.0000
5.4394	159.5192
5.4670	160.5066
5.4946	161.4940
5.5222	162.0000
5.5499	161.8998
5.5775	162.1963
5.6051	162.5804
5.6327	163.1014
5.6603	164.0000
5.6879	164.3647
5.7155	165.0813
5.7431	166.0314
5.7707	167.0000
5.7984	167.0000
5.8260	167.0000
5.8536	167.6606
5.8812	169.3177
5.9088	170.3051
5.9364	171.0983
5.9640	171.6369
5.9916	171.9079
6.0192	171.8151
6.0469	171.7327
6.0745	170.9050
6.1021	170.0773
6.1297	169.4539
6.1573	169.8054
6.1849	170.8713
6.2125	171.9545
6.2401	173.1683
6.2677	174.1111
6.2954	173.0788
6.3230	170.9113
6.3506	169.4151
6.3782	168.8279
6.4058	166.9960
6.4334	166.7894
6.4610	166.7894
6.4886	169.4509
6.5163	169.0000
6.5439	168.9845
6.5715	167.9971
6.5991	167.0097
6.6267	165.0446
6.6543	164.0349
6.6819	161.4778
6.7095	160.0717
6.7371	160.0000
6.7648	160.9147
6.7924	160.7413
6.8200	161.4430
6.8476	158.7630
6.8752	156.5054
6.9028	155.2227
6.9304	154.9284
6.9580	154.5525
6.9856	152.8921
7.0133	152.7847
7.0409	153.1230
7.0685	153.1162
7.0961	151.4625
7.1237	149.3454
7.1513	147.1603
7.1789	146.4774
7.2065	147.9707
7.2341	150.4179
7.2618	153.0629
7.2894	153.8386
7.3170	154.1046
7.3446	154.1682
7.3722	153.3623
7.3998	153.0000
7.4274	153.0000
7.4550	153.0239
7.4826	153.4434
7.5103	154.2005
7.5379	156.5106
7.5655	158.8335
7.5931	160.9101
7.6207	162.0038
7.6483	162.7493
7.6759	163.8964
7.7035	165.0435
7.7311	165.9852
7.7588	167.3936
7.7864	169.4686
7.8140	170.0854
7.8416	170.6285
7.8692	171.4110
7.8968	172.3984
7.9244	173.4496
7.9520	174.0057
7.9796	174.7212
8.0073	176.3480
8.0349	177.3354
8.0625	178.0000
8.0901	178.0000
8.1177	178.0000
8.1453	177.6347
8.1729	177.2725
8.2005	178.2599
8.2281	179.0000
8.2558	179.0000
8.2834	179.0198
8.3110	179.2652
8.3386	180.0000
8.3662	179.8157
8.3938	178.9226
8.4214	178.7555
8.4490	178.8535
8.4766	178.0248
8.5043	178.0000
8.5319	178.1088
8.5595	179.0000
8.5871	178.9442
8.6147	178.1019
8.6423	177.0109
8.6699	177.1465
8.6975	177.2629
8.7251	175.9904
8.7528	175.3854
8.7804	176.4238
8.8080	177.0927
8.8356	173.9845
8.8632	172.3268
8.8908	171.4791
8.9184	171.9719
8.9460	171.0801
8.9736	170.0927
9.0013	168.2736
9.0289	166.4585
9.0565	164.6434
9.0841	163.6852
9.1117	165.8940
9.1393	165.9081
9.1669	164.3406
9.1945	162.3520
9.2222	159.6182
9.2498	158.2187
9.2774	156.4625
9.3050	155.8637
9.3326	155.9641
9.3602	156.8701
9.3878	157.8025
9.4154	157.2942
9.4430	157.6932
9.4707	158.0000
9.4983	158.6263
9.5259	159.7192
9.5535	159.2838
9.5811	159.2135
9.6087	159.7796
9.6363	160.0000
9.6639	160.0000
9.6915	160.5798
9.7192	162.7018
9.7468	164.5547
9.7744	165.5421
9.8020	165.4705
9.8296	165.5169
9.8572	166.5180
9.8848	167.7504
9.9124	169.1454
9.9400	170.2223
9.9677	171.1065
9.9953	174.0189
10.0229	177.8414
10.0505	179.4161
10.0781	180.6895
10.1057	182.3309
10.1333	183.3892
10.1609	183.9611
10.1885	184.7167
10.2162	186.2805
10.2438	190.0000
10.2714	190.1291
10.2990	190.6995
10.3266	191.0000
10.3542	191.2776
10.3818	191.9647
10.4094	192.0000
10.4370	192.3280
10.4647	193.8619
10.4923	195.2147
10.5199	196.2021
10.5475	196.8054
10.5751	196.0000
10.6027	196.0000
10.6303	196.0781
10.6579	196.0767
10.6855	194.1705
10.7132	193.8901
10.7408	193.0000
10.7684	193.0000
10.7960	193.0000
10.8236	193.0635
10.8512	194.0000
10.8788	194.0383
10.9064	195.0000
10.9340	194.9737
10.9617	192.9985
10.9893	190.5909
11.0169	188.0670
11.0445	188.0000
11.0721	188.9908
11.0997	190.8877
11.1273	191.5920
11.1549	191.0421
11.1825	187.4007
11.2102	185.2255
11.2378	182.3761
11.2654	179.6872
11.2930	179.3662
11.3206	179.0411
11.3482	180.3983
11.3758	178.3623
11.4034	177.9571
11.4311	176.4021
11.4587	175.2261
11.4863	172.7161
11.5139	170.8051
11.5415	167.2999
11.5691	164.6377
11.5967	163.3641
11.6243	163.2347
11.6519	162.4382
11.6796	161.3268
11.7072	159.8679
11.7348	158.4785
11.7624	158.0000
11.7900	157.8799
11.8176	158.6526
11.8452	160.4767
11.8728	160.7430
11.9004	160.6444
11.9281	161.0000
11.9557	162.0945
11.9833	163.5346
12.0109	164.2764
12.0385	164.8792
12.0661	166.0994
12.0937	167.4843
12.1213	168.8340
12.1489	170.3136
12.1766	172.7859
12.2042	175.8678
12.2318	180.0552
12.2594	184.4632
12.2870	186.1475
12.3146	188.0872
12.3422	189.6432
12.3698	192.6141
12.3974	194.1536
12.4251	195.7109
12.4527	197.6411
12.4803	199.3080
12.5079	200.8861
12.5355	203.0000
12.5631	202.7298
12.5907	201.7424
12.6183	200.2690
12.6459	198.3427
12.6736	199.8792
12.7012	203.0000
12.7288	203.0000
12.7564	202.8576
12.7840	201.8884
12.8116	201.0000
12.8392	201.1442
12.8668	202.1871
12.8944	203.7499
12.9221	205.0276
12.9497	205.1841
12.9773	205.9660
13.0049	206.8489
13.0325	207.6205
13.0601	207.4173
13.0877	206.2702
13.1153	205.1912
13.1429	208.0000
13.1706	208.0000
13.1982	208.0000
13.2258	206.0641
13.2534	205.6724
13.2810	205.0468
13.3086	205.0218
13.3362	205.7926
13.3638	203.8941
13.3914	204.4368
13.4191	204.3847
13.4467	204.0299
13.4743	201.4362
13.5019	199.2215
13.5295	197.0870
13.5571	194.4737
13.5847	192.3915
13.6123	190.2056
13.6399	187.5558
13.6676	184.7410
13.6952	180.6031
13.7228	176.7791
13.7504	173.8775
13.7780	170.5186
13.8056	169.8071
13.8332	168.6366
13.8608	167.6629
13.8884	166.3291
13.9161	164.6737
13.9437	163.8832
13.9713	162.6732
13.9989	162.0190
14.0265	163.6794
14.0541	164.1214
14.0817	163.5518
14.1093	163.1706
14.1370	163.0000
14.1646	163.0392
14.1922	163.5683
14.2198	164.7685
14.2474	166.9108
14.2750	167.7229
14.3026	167.6203
14.3302	168.8753
14.3578	171.4249
14.3855	173.9930
14.4131	175.7374
14.4407	178.6839
14.4683	183.5552
14.4959	188.9142
14.5235	191.7522
14.5511	193.0593
14.5787	194.8397
14.6063	198.4784
14.6340	201.1542
14.6616	204.6659
14.6892	205.5742
14.7168	206.9136
14.7444	207.0000
14.7720	207.2627
14.7996	208.2501
14.8272	209.1806
14.8548	209.9199
14.8825	210.0000
14.9101	210.3995
14.9377	212.1125
14.9653	212.5389
14.9929	213.0456
15.0205	213.1219
15.0481	213.2307
15.0757	214.7538
15.1033	215.8262
15.1310	216.7203
15.1586	214.2649
15.1862	213.3153
15.2138	212.8815
15.2414	210.7470
15.2690	208.6485
15.2966	207.5361
15.3242	208.0178
15.3518	209.7914
15.3795	212.9113
15.4071	213.9762
15.4347	214.2628
15.4623	214.4333
15.4899	214.0384
15.5175	214.0000
15.5451	213.0899
15.5727	212.0303
15.6003	211.9733
15.6280	211.4692
15.6556	211.0773
15.6832	210.1528
15.7108	209.8920
15.7384	209.1780
15.7660	209.0000
15.7936	209.0000
15.8212	207.8163
15.8488	204.4997
15.8765	202.3235
15.9041	199.7436
15.9317	196.6503
15.9593	191.8638
15.9869	187.2301
16.0145	184.3532
16.0421	183.2803
16.0697	181.6758
16.0973	180.2690
16.1250	178.0630
16.1526	175.3704
16.1802	173.9651
16.2078	173.2922
16.2354	173.5953
16.2630	174.5450
16.2906	174.0776
16.3182	172.1168
16.3458	170.6638
16.3735	170.2965
16.4011	170.6566
16.4287	170.9542
16.4563	170.2305
16.4839	171.2686
16.5115	173.9388
16.5391	175.6113
16.5667	175.7344
16.5944	175.8821
16.6220	177.2782
16.6496	178.6344
16.6772	180.9689
16.7048	184.9073
16.7324	190.2542
16.7600	194.3419
16.7876	198.5718
16.8152	202.5956
16.8429	206.2620
16.8705	210.1065
16.8981	214.2471
16.9257	215.8238
16.9533	216.2525
16.9809	216.8938
17.0085	217.3766
17.0361	217.7665
17.0637	218.6960
17.0914	219.0607
17.1190	220.0030
17.1466	220.4717
17.1742	221.5540
17.2018	220.9219
17.2294	220.6543
17.2570	220.8380
17.2846	221.1168
17.3122	222.1042
17.3399	223.0916
17.3675	224.0432
17.3951	224.2954
17.4227	222.8924
17.4503	221.0000
17.4779	221.0000
17.5055	221.0000
17.5331	221.0000
17.5607	221.0000
17.5884	220.0218
17.6160	221.9313
17.6436	221.0446
17.6712	220.8030
17.6988	220.0455
17.7264	218.6535
17.7540	218.6886
17.7816	218.8483
17.8092	218.9920
17.8369	217.2475
17.8645	217.8523
17.8921	218.4090
17.9197	216.9926
17.9473	214.3629
17.9749	212.3623
18.0025	211.4625
18.0301	211.5713
18.0577	209.6817
18.0854	207.7937
18.1130	203.3665
18.1406	197.0799
18.1682	192.8586
18.1958	188.4940
18.2234	186.3114
18.2510	184.6480
18.2786	182.6732
18.3062	180.2003
18.3339	177.7235
18.3615	176.3744
18.3891	175.7782
18.4167	175.7917
18.4443	174.8243
18.4719	174.0000
18.4995	172.8746
18.5271	172.5501
18.5547	173.9030
18.5824	174.7721
18.6100	176.0246
18.6376	177.3993
18.6652	177.4917
18.6928	177.0000
18.7204	177.7954
18.7480	178.5621
18.7756	179.9736
18.8032	182.8483
18.8309	186.0578
18.8585	190.9948
18.8861	195.2505
18.9137	199.2650
18.9413	203.7998
18.9689	207.6438
18.9965	211.8832
19.0241	214.6468
19.0518	216.6216
19.0794	218.4039
19.1070	219.7997
19.1346	220.7628
19.1622	221.2605
19.1898	222.2478
19.2174	222.7647
19.2450	222.0000
19.2726	222.5310
19.3003	224.2954
19.3279	224.0385
19.3555	224.0487
19.3831	224.4791
19.4107	227.2544
19.4383	228.7041
19.4659	229.5318
19.4935	230.2501
19.5211	229.9937
19.5488	229.0783
19.5764	229.7874
19.6040	230.1179
19.6316	231.9791
19.6592	231.7081
19.6868	231.8678
19.7144	231.9912
19.7420	230.8176
19.7696	229.6697
19.7973	229.0144
19.8249	229.9582
19.8525	229.0544
19.8801	228.0803
19.9077	228.3024
19.9353	228.6102
19.9629	228.0974
19.9905	227.4488
20.0181	226.5335
20.0458	225.2547
20.0734	225.8449
20.1010	225.3869
20.1286	225.0763
20.1562	222.5787
20.1838	220.4110
20.2114	216.9489
20.2390	216.0000
20.2666	213.7298
20.2943	209.2793
20.3219	205.8054
20.3495	202.1242
20.3771	198.1746
20.4047	193.5512
20.4323	189.4551
20.4599	188.1125
20.4875	187.3440
20.5151	185.4937
20.5428	184.1877
20.5704	183.9917
20.5980	183.3109
20.6256	182.2858
20.6532	181.7345
20.6808	180.6822
20.7084	179.8531
20.7360	178.9147
20.7636	176.8495
20.7913	177.5524
20.8189	179.0000
20.8465	179.9845
20.8741	181.0000
20.9017	180.5329
20.9293	180.4298
20.9569	179.8386
20.9845	179.1214
21.0121	181.2394
21.0398	184.9055
21.0674	189.2597
21.0950	194.9073
21.1226	198.9050
21.1502	202.3371
21.1778	208.5558
21.2054	214.9657
21.2330	218.1271
21.2606	219.2742
21.2883	220.8177
21.3159	223.3709
21.3435	224.1920
21.3711	224.9445
21.3987	225.1271
21.4263	227.0710
21.4539	227.0887
21.4815	227.2484
21.5091	227.5982
21.5368	228.5678
21.5644	228.7724
21.5920	229.1351
21.6196	229.8603
21.6472	229.0000
21.6748	229.0419
21.7024	229.5743
21.7300	230.0893
21.7577	231.0119
21.7853	230.9948
21.8129	230.7921
21.8405	230.0263
21.8681	230.5157
21.8957	230.3512
21.9233	230.0000
21.9509	230.0000
21.9785	230.0000
22.0062	229.0366
22.0338	228.5793
22.0614	228.3978
22.0890	230.0893
22.1166	229.1654
22.1442	228.0264
22.1718	227.0852
22.1994	226.1248
22.2270	226.3792
22.2547	226.2799
22.2823	226.9576
22.3099	227.7597
22.3375	226.9512
22.3651	225.3288
22.3927	223.0470
22.4203	221.1294
22.4479	217.0286
22.4755	213.7499
22.5032	210.9473
22.5308	210.5467
22.5584	207.7684
22.5860	203.8409
22.6136	198.6783
22.6412	192.9730
22.6688	188.4711
22.6964	186.1568
22.7240	184.5982
22.7517	182.8246
22.7793	181.8500
22.8069	183.0591
22.8345	183.3406
22.8621	182.7665
22.8897	182.8271
22.9173	183.3029
22.9449	183.5589
22.9725	182.6438
23.0002	181.4459
23.0278	181.7119
23.0554	181.6485
23.0830	183.1469
23.1106	186.3789
23.1382	190.6823
23.1658	195.7378
23.1934	201.2250
23.2210	207.3274
23.2487	211.7245
23.2763	215.5100
23.3039	217.4585
23.3315	219.4104
23.3591	221.0015
23.3867	223.8227
23.4143	226.0000
23.4419	226.7444
23.4695	228.4741
23.4972	229.0000
23.5248	229.0000
23.5524	229.0584
23.5800	229.5366
23.6076	230.1271
23.6352	231.2109
23.6628	233.1797
23.6904	234.1754
23.7180	235.1489
23.7457	235.5975
23.7733	234.9914
23.8009	234.2976
23.8285	233.5306
23.8561	232.9237
23.8837	232.3921
23.9113	233.7648
23.9389	235.4241
23.9665	234.9139
23.9942	233.4249
24.0218	233.1004
24.0494	234.1322
24.0770	235.2457
24.1046	234.1534
24.1322	232.8466
24.1598	232.2654
24.1874	232.0032
24.2150	231.1004
24.2427	231.2187
24.2703	231.3784
24.2979	231.5381
24.3255	230.7922
24.3531	230.0918
24.3807	229.1045
24.4083	227.2411
24.4359	226.1448
24.4636	226.0000
24.4912	226.8300
24.5188	227.1507
24.5464	226.2000
24.5740	224.4156
24.6016	220.1019
24.6292	215.5833
24.6568	209.5681
24.6844	204.0521
24.7121	198.5529
24.7397	192.7405
24.7673	188.7845
24.7949	186.8958
24.8225	187.1065
24.8501	187.2679
24.8777	187.0375
24.9053	186.3589
24.9329	187.1243
24.9606	187.2416
24.9882	185.7934
25.0158	184.5922
25.0434	183.5718
25.0710	183.0000
25.0986	183.0000
25.1262	182.6375
25.1538	180.9055
25.1814	179.1334
25.2091	181.2247
25.2367	184.4416
25.2643	186.5598
25.2919	188.6186
25.3195	190.3566
25.3471	192.8792
25.3747	195.7081
25.4023	199.6577
25.4299	203.4356
25.4576	206.4785
25.4852	209.2826
25.5128	213.2269
25.5404	218.0131
25.5680	222.0331
25.5956	224.3636
25.6232	227.9071
25.6508	229.1094
25.6784	230.1002
25.7061	231.7704
25.7337	231.7781
25.7613	231.4991
25.7889	232.8766
25.8165	232.7745
25.8441	231.6766
25.8717	231.5144
25.8993	235.0374
25.9269	235.2077
25.9546	235.8798
25.9822	236.0200
26.0098	237.6978
26.0374	238.5255
26.0650	239.2410
26.0926	238.8740
26.1202	237.0000
26.1478	237.0000
26.1754	237.0000
26.2031	237.0492
26.2307	237.9737
26.2583	237.1201
26.2859	236.9886
26.3135	236.0011
26.3411	236.0000
26.3687	236.0000
26.3963	234.7270
26.4239	233.8867
26.4516	233.0590
26.4792	233.1664
26.5068	233.3143
26.5344	233.4740
26.5620	231.3015
26.5896	228.7420
26.6172	227.2739
26.6448	227.0000
26.6725	228.6703
26.7001	229.0000
26.7277	228.5206
26.7553	228.0503
26.7829	225.7153
26.8105	222.4867
26.8381	216.9257
26.8657	212.3950
26.8933	207.2012
26.9210	201.9714
26.9486	197.5167
26.9762	194.5280
27.0038	193.5625
27.0314	191.7566
27.0590	188.3646
27.0866	186.7854
27.1142	186.1940
27.1418	185.9874
27.1695	186.0000
27.1971	185.4041
27.2247	184.7279
27.2523	184.5178
27.2799	185.4635
27.3075	186.0000
27.3351	185.4110
27.3627	185.2553
27.3903	186.5907
27.4180	188.6952
27.4456	191.2120
27.4732	193.0870
27.5008	195.3085
27.5284	198.9013
27.5560	203.5605
27.5836	209.8140
27.6112	216.3326
27.6388	221.1099
27.6665	225.1051
27.6941	227.0670
27.7217	227.3412
27.7493	227.5009
27.7769	227.9920
27.8045	228.8203
27.8321	229.2923
27.8597	230.4333
27.8873	231.4963
27.9150	232.1232
27.9426	232.6188
27.9702	232.9679
27.9978	233.8906
28.0254	234.0979
28.0530	234.2047
28.0806	234.0000
28.1082	234.1803
28.1358	235.0000
28.1635	235.0000
28.1911	234.9136
28.2187	234.2158
28.2463	234.3755
28.2739	234.5839
28.3015	235.0281
28.3291	235.0658
28.3567	234.0000
28.3843	234.0000
28.4120	234.0000
28.4396	234.0004
28.4672	233.7046
28.4948	234.1912
28.5224	235.0189
28.5500	235.8438
28.5776	236.2722
28.6052	235.4980
28.6328	234.6703
28.6605	233.1267
28.6881	232.0841
28.7157	231.1872
28.7433	231.0273
28.7709	231.0000
28.7985	227.0451
28.8261	225.4179
28.8537	222.5901
28.8813	218.6489
28.9090	213.0708
28.9366	207.9874
28.9642	202.6335
28.9918	198.2032
29.0194	194.3276
29.0470	190.7367
29.0746	189.0939
29.1022	187.2198
29.1299	186.5140
29.1575	186.1057
29.1851	184.6216
29.2127	182.6468
29.2403	182.0829
29.2679	181.4478
29.2955	181.0000
29.3231	181.2480
29.3507	181.8500
29.3784	182.6777
29.4060	183.6714
29.4336	184.3825
29.4612	183.7883
29.4888	184.1013
29.5164	186.0761
29.5440	188.5142
29.5716	191.4150
29.5992	194.4989
29.6269	197.1182
29.6545	201.0978
29.6821	207.7696
29.7097	214.3789
29.7373	219.3113
29.7649	223.1476
29.7925	226.2247
29.8201	227.3995
29.8477	229.1608
29.8754	231.0756
29.9030	231.7506
29.9306	232.7653
29.9582	231.9592
29.9858	231.1825
30.0134	232.2121
30.0410	234.0729
30.0686	234.6566
30.0962	235.9244
30.1239	235.8261
30.1515	235.7516
30.1791	235.0000
30.2067	235.0000
30.2343	235.2106
30.2619	236.1981
30.2895	236.8504
30.3171	236.2921
30.3447	236.2383
30.3724	237.3274
30.4000	237.0326
30.4276	235.8855
30.4552	235.0167
30.4828	235.3784
30.5104	236.0000
30.5380	236.0000
30.5656	236.0720
30.5932	237.0944
30.6209	237.8939
30.6485	237.9941
30.6761	237.5615
30.7037	236.4144
30.7313	235.0201
30.7589	235.0000
30.7865	235.0000
30.8141	235.2156
30.8417	232.9485
30.8694	229.3234
30.8970	227.1832
30.9246	225.9847
30.9522	225.1198
30.9798	223.0968
31.0074	218.9254
31.0350	209.9620
31.0626	202.7838
31.0902	198.8895
31.1179	196.4031
31.1455	194.3803
31.1731	193.7622
31.2007	192.7105
31.2283	190.9219
31.2559	186.9150
31.2835	185.2525
31.3111	184.3829
31.3387	183.5552
31.3664	183.0204
31.3940	183.1631
31.4216	184.1517
31.4492	184.8670
31.4768	185.0607
31.5044	185.0812
31.5320	185.2352
31.5596	185.8188
31.5872	188.3744
31.6149	191.7430
31.6425	194.1368
31.6701	197.1240
31.6977	200.2914
31.7253	203.0939
31.7529	205.8964
31.7805	209.2043
31.8081	212.0086
31.8358	214.8553
31.8634	219.1805
31.8910	223.5728
31.9186	226.9433
31.9462	229.2055
31.9738	229.9353
32.0014	230.0385
32.0290	230.8392
32.0566	231.7429
32.0843	232.5776
32.1119	233.7338
32.1395	233.2828
32.1671	232.3824
32.1947	233.5969
32.2223	235.0492
32.2499	235.9284
32.2775	236.1620
32.3051	237.2753
32.3328	238.9657
32.3604	238.1283
32.3880	237.0000
32.4156	237.0000
32.4432	236.8679
32.4708	236.3444
32.4984	237.0000
32.5260	237.0000
32.5536	237.1087
32.5813	237.4739
32.6089	236.9500
32.6365	236.7682
32.6641	236.8328
32.6917	236.0000
32.7193	236.0000
32.7469	236.0000
32.7745	236.0000
32.8021	236.0000
32.8298	235.9731
32.8574	234.9262
32.8850	232.9983
32.9126	232.0109
32.9402	231.0235
32.9678	229.0721
32.9954	227.2454
33.0230	225.1187
33.0506	221.2833
33.0783	216.4322
33.1059	211.0599
33.1335	206.8037
33.1611	202.5214
33.1887	198.5472
33.2163	196.2806
33.2439	195.1620
33.2715	192.0626
33.2991	190.7882
33.3268	189.3517
33.3544	188.2124
33.3820	187.9820
33.4096	185.8955
33.4372	184.6497
33.4648	184.2343
33.4924	186.0909
33.5200	186.2530
33.5476	185.3005
33.5753	184.8640
33.6029	185.3165
33.6305	186.1442
33.6581	186.7624
33.6857	187.1038
33.7133	188.8731
33.7409	191.7992
33.7685	196.0873
33.7961	200.0859
33.8238	203.6588
33.8514	207.2189
33.8790	211.1235
33.9066	213.8261
33.9342	216.9153
33.9618	220.1688
33.9894	221.7936
34.0170	223.3584
34.0447	225.3362
34.0723	226.9608
34.0999	228.3429
34.1275	229.5650
34.1551	229.6555
34.1827	230.3017
34.2103	230.3196
34.2379	231.3656
34.2655	232.3721
34.2932	233.3595
34.3208	233.8231
34.3484	232.9960
34.3760	232.8140
34.4036	233.7018
34.4312	232.7465
34.4588	232.6915
34.4864	232.6761
34.5140	232.6479
34.5417	231.5262
34.5693	228.6382
34.5969	228.4925
34.6245	233.0000
34.6521	232.8877
34.6797	232.5862
34.7073	232.9164
34.7349	233.9055
34.7625	233.9199
34.7902	233.2250
34.8178	233.1442
34.8454	231.4858
34.8730	230.9050
34.9006	229.9176
34.9282	228.8603
34.9558	227.0000
34.9834	226.8814
35.0110	224.5026
35.0387	224.7078
35.0663	226.9863
35.0939	225.0114
35.1215	221.4920
35.1491	218.1802
35.1767	210.8471
35.2043	206.8314
35.2319	199.3297
35.2595	195.2650
35.2872	193.2874
35.3148	192.3658
35.3424	189.7762
35.3700	189.5787
35.3976	188.8827
35.4252	188.1409
35.4528	189.6709
35.4804	188.3641
35.5080	186.3892
35.5357	186.0000
35.5633	186.7802
35.5909	187.0000
35.6185	187.0000
35.6461	187.0000
35.6737	187.0000
35.7013	187.7172
35.7289	188.4614
35.7565	188.9429
35.7842	191.7178
35.8118	194.1998
35.8394	197.9777
35.8670	202.7550
35.8946	206.9033
35.9222	210.0767
35.9498	214.6093
35.9774	217.5913
36.0050	218.5787
36.0327	219.5661
36.0603	220.0000
36.0879	220.3954
36.1155	221.9473
36.1431	223.0000
36.1707	223.2114
36.1983	223.7395
36.2259	224.2838
36.2535	225.0099
36.2812	225.7662
36.3088	226.0124
36.3364	226.6922
36.3640	227.3280
36.3916	226.6829
36.4192	226.1747
36.4468	227.6817
36.4744	229.3314
36.5020	229.6105
36.5297	228.9468
36.5573	228.4459
36.5849	228.2914
36.6125	227.7653
36.6401	228.2141
36.6677	228.9387
36.6953	228.7361
36.7229	227.7487
36.7505	226.8959
36.7782	226.5599
36.8058	226.1886
36.8334	227.0000
36.8610	226.8117
36.8886	225.8879
36.9162	225.1958
36.9438	223.4286
36.9714	221.8620
36.9991	220.9999
37.0267	220.7445
37.0543	220.1682
37.0819	221.3867
37.1095	219.7750
37.1371	216.8003
37.1647	213.7622
37.1923	209.8884
37.2199	206.9193
37.2476	203.5014
37.2752	198.4047
37.3028	195.7906
37.3304	193.0751
37.3580	193.0030
37.3856	192.0509
37.4132	190.1271
37.4408	189.0761
37.4684	186.2662
37.4961	186.0000
37.5237	185.1454
37.5513	185.8982
37.5789	186.0000
37.6065	186.0000
37.6341	186.8357
37.6617	186.3135
37.6893	186.0012
37.7169	185.6932
37.7446	185.8656
37.7722	186.7728
37.7998	187.7602
37.8274	188.7476
37.8550	190.4700
37.8826	191.8340
37.9102	195.4351
37.9378	197.9634
37.9654	199.7785
37.9931	202.7699
38.0207	206.5191
38.0483	210.5421
38.0759	213.6732
38.1035	215.2324
38.1311	216.3944
38.1587	217.0000
38.1863	218.7516
38.2139	220.5592
38.2416	221.5587
38.2692	222.1897
38.2968	222.5072
38.3244	222.3195
38.3520	221.5799
38.3796	221.0137
38.4072	221.4126
38.4348	221.8382
38.4624	222.4579
38.4901	223.0000
38.5177	223.0000
38.5453	223.0000
38.5729	222.5924
38.6005	221.6050
38.6281	221.7647
38.6557	223.3698
38.6833	224.3572
38.7109	225.0335
38.7386	224.9793
38.7662	224.2100
38.7938	223.0000
38.8214	223.0000
38.8490	222.7184
38.8766	222.0000
38.9042	221.7436
38.9318	221.0000
38.9594	220.7688
38.9871	219.7813
39.0147	219.0000
39.0423	218.8415
39.0699	217.6594
39.0975	216.0000
39.1251	216.0000
39.1527	215.9224
39.1803	215.4065
39.2080	213.6200
39.2356	210.6343
39.2632	207.7218
39.2908	204.8603
39.3184	203.1065
39.3460	198.9002
39.3736	194.6085
39.4012	191.7793
39.4288	188.0746
39.4565	186.2137
39.4841	186.0030
39.5117	185.0206
39.5393	181.7249
39.5669	180.1990
39.5945	181.8453
39.6221	181.6420
39.6497	182.8608
39.6773	183.4449
39.7050	182.7607
39.7326	181.9330
39.7602	179.3980
39.7878	179.1311
39.8154	181.5689
39.8430	183.6566
39.8706	186.6268
39.8982	190.1339
39.9258	194.0359
39.9535	196.7840
39.9811	202.5325
40.0087	205.1978
40.0363	206.1717
40.0639	206.2719
40.0915	207.5421
40.1191	208.0000
40.1467	209.9263
40.1743	211.8072
40.2020	213.5058
40.2296	214.2045
40.2572	214.6949
40.2848	215.0057
40.3124	215.1654
40.3400	215.3251
40.3676	216.0738
40.3952	217.2209
40.4228	217.9146
40.4505	218.0000
40.4781	218.5386
40.5057	219.0000
40.5333	219.2275
40.5609	219.6028
40.5885	219.7625
40.6161	219.9221
40.6437	219.6127
40.6713	219.2655
40.6990	218.6486
40.7266	217.8781
40.7542	217.8561
40.7818	218.1196
40.8094	217.6280
40.8370	216.8248
40.8646	217.5483
40.8922	219.1311
40.9198	218.3211
40.9475	217.7845
40.9751	216.0647
41.0027	213.8420
41.0303	213.6823
41.0579	213.5226
41.0855	213.3629
41.1131	212.6546
41.1407	210.7636
41.1683	209.1048
41.1960	205.3663
41.2236	202.1190
41.2512	197.7713
41.2788	194.4797
41.3064	191.3703
41.3340	187.6291
41.3616	185.6302
41.3892	184.5577
41.4168	183.7332
41.4445	182.2587
41.4721	181.7550
41.4997	178.9697
41.5273	178.8798
41.5549	177.0000
41.5825	177.0170
41.6101	177.3436
41.6377	178.0097
41.6653	178.9971
41.6930	179.0000
41.7206	178.3296
41.7482	177.5106
41.7758	176.9284
41.8034	179.0396
41.8310	180.7648
41.8586	183.8555
41.8862	185.4055
41.9138	187.7509
41.9415	189.3834
41.9691	190.8229
41.9967	191.0784
42.0243	192.8455
42.0519	195.7704
42.0795	197.6906
42.1071	200.3869
42.1347	202.8884
42.1623	204.6051
42.1900	204.2169
42.2176	204.6982
42.2452	205.7327
42.2728	207.8033
42.3004	209.3715
42.3280	209.1288
42.3556	208.3011
42.3832	206.7564
42.4109	205.6457
42.4385	205.7606
42.4661	205.6125
42.4937	205.5638
42.5213	205.9541
42.5489	206.5942
42.5765	208.0113
42.6041	209.0580
42.6317	209.5804
42.6594	210.8277
42.6870	211.3686
42.7146	210.4814
42.7422	209.4940
42.7698	209.0000
42.7974	209.2218
42.8250	209.6286
42.8526	210.4556
42.8802	210.1139
42.9079	209.0764
42.9355	208.9193
42.9631	208.4969
42.9907	208.3987
43.0183	207.3097
43.0459	205.6566
43.0735	204.6057
43.1011	204.1943
43.1287	203.8500
43.1564	202.7510
43.1840	200.2433
43.2116	197.6889
43.2392	196.2821
43.2668	193.9737
43.2944	192.6774
43.3220	191.9590
43.3496	189.5649
43.3772	188.5673
43.4049	186.7547
43.4325	185.8088
43.4601	184.8878
43.4877	184.5312
43.5153	184.6909
43.5429	184.5690
43.5705	182.8718
43.5981	181.5375
43.6257	178.0000
43.6534	178.0000
43.6810	178.1557
43.7086	180.0777
43.7362	181.0841
43.7638	181.8420
43.7914	181.2879
43.8190	181.4543
43.8466	182.2147
43.8742	182.5341
43.9019	182.9966
43.9295	184.0509
43.9571	186.8676
43.9847	187.9393
44.0123	190.7802
44.0399	191.0000
44.0675	191.9016
44.0951	193.7382
44.1227	193.9747
44.1504	194.0000
44.1780	194.8512
44.2056	195.0000
44.2332	197.3484
44.2608	198.8163
44.2884	199.9634
44.3160	200.3223
44.3436	200.4820
44.3713	200.6417
44.3989	200.8014
44.4265	200.9611
44.4541	200.1872
44.4817	200.4322
44.5093	201.5680
44.5369	202.9625
44.5645	205.2650
44.5921	206.0807
44.6198	206.6220
44.6474	207.0000
44.6750	206.5024
44.7026	205.8838
44.7302	205.2262
44.7578	205.0000
44.7854	204.4472
44.8130	202.7334
44.8406	201.7166
44.8683	201.7883
44.8959	201.1355
44.9235	199.7371
44.9511	199.0092
44.9787	198.3589
45.0063	197.2118
45.0339	196.5255
45.0615	196.3658
45.0891	196.1163
45.1168	195.5770
45.1444	194.6361
45.1720	193.1882
45.1996	191.4803
45.2272	190.2188
45.2548	188.1213
45.2824	186.5913
45.3100	186.1431
45.3376	185.7435
45.3653	184.3910
45.3929	184.5206
45.4205	184.3720
45.4481	183.9880
45.4757	182.9405
45.5033	182.1276
45.5309	180.0676
45.5585	179.5380
45.5861	181.1225
45.6138	179.9754
45.6414	178.8283
45.6690	177.3876
45.6966	175.7901
45.7242	176.6908
45.7518	178.2170
45.7794	180.2696
45.8070	183.7356
45.8346	181.7029
45.8623	179.6514
45.8899	178.6451
45.9175	179.5884
45.9451	182.3457
45.9727	184.1577
46.0003	186.0188
46.0279	186.7985
46.0555	189.6010
46.0831	192.4035
46.1108	192.2971
46.1384	190.0918
46.1660	188.1532
46.1936	189.7189
46.2212	190.8686
46.2488	192.7637
46.2764	192.9659
46.3040	193.0000
46.3316	192.1480
46.3593	190.4074
46.3869	190.8906
46.4145	192.6623
46.4421	194.6371
46.4697	194.3721
46.4973	193.2679
46.5249	192.1208
46.5525	190.9737
46.5801	190.2664
46.6078	190.2740
46.6354	190.2627
46.6630	190.7469
46.6906	192.3937
46.7182	193.5428
46.7458	194.0482
46.7734	193.6186
46.8010	191.3400
46.8287	190.0518
46.8563	190.6445
46.8839	191.2823
46.9115	190.2576
46.9391	190.3854
46.9667	190.6213
46.9943	188.5923
47.0219	184.8374
47.0495	182.8569
47.0772	183.9353
47.1048	186.3892
47.1324	188.7304
47.1600	188.6772
47.1876	186.4270
47.2152	184.2015
47.2428	183.0481
47.2704	183.2616
47.2980	184.3243
47.3257	184.8421
47.3533	183.3881
47.3809	180.5796
47.4085	180.0000
47.4361	179.6348
47.4637	178.4811
47.4913	177.3480
47.5189	176.5702
47.5465	176.0200
47.5742	176.0826
47.6018	175.5962
47.6294	174.8383
47.6570	174.7398
47.6846	175.0489
47.7122	175.2818
47.7398	176.1983
47.7674	176.5009
47.7950	175.8463
47.8227	177.2636
47.8503	178.5884
47.8779	180.3911
47.9055	182.1351
47.9331	183.4086
47.9607	182.7229
47.9883	183.4373
48.0159	183.3224
48.0435	183.9598
48.0712	184.9614
48.0988	185.0630
48.1264	185.9314
48.1540	184.4791
48.1816	184.2771
48.2092	182.3088
48.2368	181.0000
